0.26179938779914941e+0	0.26179938779914941e+0
1
Функция I(phi,th)
phi\th		0.00000e-0	0.26180e+0	0.52360e+0	0.78540e+0	1.04720e+0	1.30900e+0	1.57080e+0
0.00000e-0	6.28319e+1	6.07274e+1	5.49779e+1	4.71239e+1	3.92699e+1	3.35204e+1	3.14159e+1
0.26180e+0	6.28319e+1	6.07274e+1	5.49779e+1	4.71239e+1	3.92699e+1	3.35204e+1	3.14159e+1
0.52360e+0	6.28319e+1	6.07274e+1	5.49779e+1	4.71239e+1	3.92699e+1	3.35204e+1	3.14159e+1
0.78540e+0	6.28319e+1	6.07274e+1	5.49779e+1	4.71239e+1	3.92699e+1	3.35204e+1	3.14159e+1
1.04720e+0	6.28319e+1	6.07274e+1	5.49779e+1	4.71239e+1	3.92699e+1	3.35204e+1	3.14159e+1
1.30900e+0	6.28319e+1	6.07274e+1	5.49779e+1	4.71239e+1	3.92699e+1	3.35204e+1	3.14159e+1
1.57080e+0	6.28319e+1	6.07274e+1	5.49779e+1	4.71239e+1	3.92699e+1	3.35204e+1	3.14159e+1
1.83260e+0	6.28319e+1	6.07274e+1	5.49779e+1	4.71239e+1	3.92699e+1	3.35204e+1	3.14159e+1
2.09440e+0	6.28319e+1	6.07274e+1	5.49779e+1	4.71239e+1	3.92699e+1	3.35204e+1	3.14159e+1
2.35619e+0	6.28319e+1	6.07274e+1	5.49779e+1	4.71239e+1	3.92699e+1	3.35204e+1	3.14159e+1
2.61799e+0	6.28319e+1	6.07274e+1	5.49779e+1	4.71239e+1	3.92699e+1	3.35204e+1	3.14159e+1
2.87979e+0	6.28319e+1	6.07274e+1	5.49779e+1	4.71239e+1	3.92699e+1	3.35204e+1	3.14159e+1
3.14159e+0	6.28319e+1	6.07274e+1	5.49779e+1	4.71239e+1	3.92699e+1	3.35204e+1	3.14159e+1
3.40339e+0	6.28319e+1	6.07274e+1	5.49779e+1	4.71239e+1	3.92699e+1	3.35204e+1	3.14159e+1
3.66519e+0	6.28319e+1	6.07274e+1	5.49779e+1	4.71239e+1	3.92699e+1	3.35204e+1	3.14159e+1
3.92699e+0	6.28319e+1	6.07274e+1	5.49779e+1	4.71239e+1	3.92699e+1	3.35204e+1	3.14159e+1
4.18879e+0	6.28319e+1	6.07274e+1	5.49779e+1	4.71239e+1	3.92699e+1	3.35204e+1	3.14159e+1
4.45059e+0	6.28319e+1	6.07274e+1	5.49779e+1	4.71239e+1	3.92699e+1	3.35204e+1	3.14159e+1
4.71239e+0	6.28319e+1	6.07274e+1	5.49779e+1	4.71239e+1	3.92699e+1	3.35204e+1	3.14159e+1
4.97419e+0	6.28319e+1	6.07274e+1	5.49779e+1	4.71239e+1	3.92699e+1	3.35204e+1	3.14159e+1
5.23599e+0	6.28319e+1	6.07274e+1	5.49779e+1	4.71239e+1	3.92699e+1	3.35204e+1	3.14159e+1
5.49779e+0	6.28319e+1	6.07274e+1	5.49779e+1	4.71239e+1	3.92699e+1	3.35204e+1	3.14159e+1
5.75959e+0	6.28319e+1	6.07274e+1	5.49779e+1	4.71239e+1	3.92699e+1	3.35204e+1	3.14159e+1
6.02139e+0	6.28319e+1	6.07274e+1	5.49779e+1	4.71239e+1	3.92699e+1	3.35204e+1	3.14159e+1
6.28319e+0	6.28319e+1	6.07274e+1	5.49779e+1	4.71239e+1	3.92699e+1	3.35204e+1	3.14159e+1
2
Функция I(phi,th)
phi\th		0.00000e-0	0.26180e+0	0.52360e+0	0.78540e+0	1.04720e+0	1.30900e+0	1.57080e+0
0.00000e-0	5.97409e+1	5.78402e+1	5.26475e+1	4.55540e+1	3.84605e+1	3.32678e+1	3.13671e+1
0.26180e+0	5.97409e+1	5.76827e+1	5.20623e+1	4.43908e+1	3.67265e+1	3.11203e+1	2.90692e+1
0.52360e+0	5.97409e+1	5.75263e+1	5.14862e+1	4.32598e+1	3.50619e+1	2.90785e+1	2.68922e+1
0.78540e+0	5.97409e+1	5.74128e+1	5.10740e+1	4.24662e+1	3.39175e+1	2.76967e+1	2.54276e+1
1.04720e+0	5.97409e+1	5.73726e+1	5.09353e+1	4.22192e+1	3.35923e+1	2.73331e+1	2.50539e+1
1.30900e+0	5.97409e+1	5.74165e+1	5.11059e+1	4.25795e+1	3.41609e+1	2.80660e+1	2.58495e+1
1.57080e+0	5.97409e+1	5.75325e+1	5.15396e+1	4.34483e+1	3.54663e+1	2.96920e+1	2.75929e+1
1.83260e+0	5.97409e+1	5.76897e+1	5.21209e+1	4.45963e+1	3.71665e+1	3.17872e+1	2.98308e+1
2.09440e+0	5.97409e+1	5.78461e+1	5.26955e+1	4.57214e+1	3.88181e+1	3.38093e+1	3.19853e+1
2.35619e+0	5.97409e+1	5.79597e+1	5.31101e+1	4.65243e+1	3.99834e+1	3.52236e+1	3.34874e+1
2.61799e+0	5.97409e+1	5.80002e+1	5.32525e+1	4.67865e+1	4.03426e+1	3.56395e+1	3.39210e+1
2.87979e+0	5.97409e+1	5.79564e+1	5.30834e+1	4.64321e+1	3.97870e+1	3.49263e+1	3.31480e+1
3.14159e+0	5.97409e+1	5.78402e+1	5.26475e+1	4.55540e+1	3.84605e+1	3.32678e+1	3.13671e+1
3.40339e+0	5.97409e+1	5.76827e+1	5.20623e+1	4.43908e+1	3.67265e+1	3.11203e+1	2.90692e+1
3.66519e+0	5.97409e+1	5.75263e+1	5.14862e+1	4.32598e+1	3.50619e+1	2.90785e+1	2.68922e+1
3.92699e+0	5.97409e+1	5.74128e+1	5.10740e+1	4.24662e+1	3.39175e+1	2.76967e+1	2.54276e+1
4.18879e+0	5.97409e+1	5.73726e+1	5.09353e+1	4.22192e+1	3.35923e+1	2.73331e+1	2.50539e+1
4.45059e+0	5.97409e+1	5.74165e+1	5.11059e+1	4.25795e+1	3.41609e+1	2.80660e+1	2.58495e+1
4.71239e+0	5.97409e+1	5.75325e+1	5.15396e+1	4.34483e+1	3.54663e+1	2.96920e+1	2.75929e+1
4.97419e+0	5.97409e+1	5.76897e+1	5.21209e+1	4.45963e+1	3.71665e+1	3.17872e+1	2.98308e+1
5.23599e+0	5.97409e+1	5.78461e+1	5.26955e+1	4.57214e+1	3.88181e+1	3.38093e+1	3.19853e+1
5.49779e+0	5.97409e+1	5.79597e+1	5.31101e+1	4.65243e+1	3.99834e+1	3.52236e+1	3.34874e+1
5.75959e+0	5.97409e+1	5.80002e+1	5.32525e+1	4.67865e+1	4.03426e+1	3.56395e+1	3.39210e+1
6.02139e+0	5.97409e+1	5.79564e+1	5.30834e+1	4.64321e+1	3.97870e+1	3.49263e+1	3.31480e+1
6.28319e+0	5.97409e+1	5.78402e+1	5.26475e+1	4.55540e+1	3.84605e+1	3.32678e+1	3.13671e+1
2
Функция I(phi,th)
phi\th		0.00000e-0	0.26180e+0	0.52360e+0	0.78540e+0	1.04720e+0	1.30900e+0	1.57080e+0
0.00000e-0	5.97409e+1	5.78402e+1	5.26475e+1	4.55540e+1	3.84605e+1	3.32678e+1	3.13671e+1
0.26180e+0	5.97409e+1	5.76827e+1	5.20623e+1	4.43908e+1	3.67265e+1	3.11203e+1	2.90692e+1
0.52360e+0	5.97409e+1	5.75263e+1	5.14862e+1	4.32598e+1	3.50619e+1	2.90785e+1	2.68922e+1
0.78540e+0	5.97409e+1	5.74128e+1	5.10740e+1	4.24662e+1	3.39175e+1	2.76967e+1	2.54276e+1
1.04720e+0	5.97409e+1	5.73726e+1	5.09353e+1	4.22192e+1	3.35923e+1	2.73331e+1	2.50539e+1
1.30900e+0	5.97409e+1	5.74165e+1	5.11059e+1	4.25795e+1	3.41609e+1	2.80660e+1	2.58495e+1
1.57080e+0	5.97409e+1	5.75325e+1	5.15396e+1	4.34483e+1	3.54663e+1	2.96920e+1	2.75929e+1
1.83260e+0	5.97409e+1	5.76897e+1	5.21209e+1	4.45963e+1	3.71665e+1	3.17872e+1	2.98308e+1
2.09440e+0	5.97409e+1	5.78461e+1	5.26955e+1	4.57214e+1	3.88181e+1	3.38093e+1	3.19853e+1
2.35619e+0	5.97409e+1	5.79597e+1	5.31101e+1	4.65243e+1	3.99834e+1	3.52236e+1	3.34874e+1
2.61799e+0	5.97409e+1	5.80002e+1	5.32525e+1	4.67865e+1	4.03426e+1	3.56395e+1	3.39210e+1
2.87979e+0	5.97409e+1	5.79564e+1	5.30834e+1	4.64321e+1	3.97870e+1	3.49263e+1	3.31480e+1
3.14159e+0	5.97409e+1	5.78402e+1	5.26475e+1	4.55540e+1	3.84605e+1	3.32678e+1	3.13671e+1
3.40339e+0	5.97409e+1	5.76827e+1	5.20623e+1	4.43908e+1	3.67265e+1	3.11203e+1	2.90692e+1
3.66519e+0	5.97409e+1	5.75263e+1	5.14862e+1	4.32598e+1	3.50619e+1	2.90785e+1	2.68922e+1
3.92699e+0	5.97409e+1	5.74128e+1	5.10740e+1	4.24662e+1	3.39175e+1	2.76967e+1	2.54276e+1
4.18879e+0	5.97409e+1	5.73726e+1	5.09353e+1	4.22192e+1	3.35923e+1	2.73331e+1	2.50539e+1
4.45059e+0	5.97409e+1	5.74165e+1	5.11059e+1	4.25795e+1	3.41609e+1	2.80660e+1	2.58495e+1
4.71239e+0	5.97409e+1	5.75325e+1	5.15396e+1	4.34483e+1	3.54663e+1	2.96920e+1	2.75929e+1
4.97419e+0	5.97409e+1	5.76897e+1	5.21209e+1	4.45963e+1	3.71665e+1	3.17872e+1	2.98308e+1
5.23599e+0	5.97409e+1	5.78461e+1	5.26955e+1	4.57214e+1	3.88181e+1	3.38093e+1	3.19853e+1
5.49779e+0	5.97409e+1	5.79597e+1	5.31101e+1	4.65243e+1	3.99834e+1	3.52236e+1	3.34874e+1
5.75959e+0	5.97409e+1	5.80002e+1	5.32525e+1	4.67865e+1	4.03426e+1	3.56395e+1	3.39210e+1
6.02139e+0	5.97409e+1	5.79564e+1	5.30834e+1	4.64321e+1	3.97870e+1	3.49263e+1	3.31480e+1
6.28319e+0	5.97409e+1	5.78402e+1	5.26475e+1	4.55540e+1	3.84605e+1	3.32678e+1	3.13671e+1
2
Функция I(phi,th)
phi\th		0.00000e-0	0.26180e+0	0.52360e+0	0.78540e+0	1.04720e+0	1.30900e+0	1.57080e+0
0.00000e-0	5.97409e+1	5.75325e+1	5.15396e+1	4.34483e+1	3.54663e+1	2.96920e+1	2.75929e+1
0.26180e+0	5.97409e+1	5.76897e+1	5.21209e+1	4.45963e+1	3.71665e+1	3.17872e+1	2.98308e+1
0.52360e+0	5.97409e+1	5.78461e+1	5.26955e+1	4.57214e+1	3.88181e+1	3.38093e+1	3.19853e+1
0.78540e+0	5.97409e+1	5.79597e+1	5.31101e+1	4.65243e+1	3.99834e+1	3.52236e+1	3.34874e+1
1.04720e+0	5.97409e+1	5.80002e+1	5.32525e+1	4.67865e+1	4.03426e+1	3.56395e+1	3.39210e+1
1.30900e+0	5.97409e+1	5.79564e+1	5.30834e+1	4.64321e+1	3.97870e+1	3.49263e+1	3.31480e+1
1.57080e+0	5.97409e+1	5.78402e+1	5.26475e+1	4.55540e+1	3.84605e+1	3.32678e+1	3.13671e+1
1.83260e+0	5.97409e+1	5.76827e+1	5.20623e+1	4.43908e+1	3.67265e+1	3.11203e+1	2.90692e+1
2.09440e+0	5.97409e+1	5.75263e+1	5.14862e+1	4.32598e+1	3.50619e+1	2.90785e+1	2.68922e+1
2.35619e+0	5.97409e+1	5.74128e+1	5.10740e+1	4.24662e+1	3.39175e+1	2.76967e+1	2.54276e+1
2.61799e+0	5.97409e+1	5.73726e+1	5.09353e+1	4.22192e+1	3.35923e+1	2.73331e+1	2.50539e+1
2.87979e+0	5.97409e+1	5.74165e+1	5.11059e+1	4.25795e+1	3.41609e+1	2.80660e+1	2.58495e+1
3.14159e+0	5.97409e+1	5.75325e+1	5.15396e+1	4.34483e+1	3.54663e+1	2.96920e+1	2.75929e+1
3.40339e+0	5.97409e+1	5.76897e+1	5.21209e+1	4.45963e+1	3.71665e+1	3.17872e+1	2.98308e+1
3.66519e+0	5.97409e+1	5.78461e+1	5.26955e+1	4.57214e+1	3.88181e+1	3.38093e+1	3.19853e+1
3.92699e+0	5.97409e+1	5.79597e+1	5.31101e+1	4.65243e+1	3.99834e+1	3.52236e+1	3.34874e+1
4.18879e+0	5.97409e+1	5.80002e+1	5.32525e+1	4.67865e+1	4.03426e+1	3.56395e+1	3.39210e+1
4.45059e+0	5.97409e+1	5.79564e+1	5.30834e+1	4.64321e+1	3.97870e+1	3.49263e+1	3.31480e+1
4.71239e+0	5.97409e+1	5.78402e+1	5.26475e+1	4.55540e+1	3.84605e+1	3.32678e+1	3.13671e+1
4.97419e+0	5.97409e+1	5.76827e+1	5.20623e+1	4.43908e+1	3.67265e+1	3.11203e+1	2.90692e+1
5.23599e+0	5.97409e+1	5.75263e+1	5.14862e+1	4.32598e+1	3.50619e+1	2.90785e+1	2.68922e+1
5.49779e+0	5.97409e+1	5.74128e+1	5.10740e+1	4.24662e+1	3.39175e+1	2.76967e+1	2.54276e+1
5.75959e+0	5.97409e+1	5.73726e+1	5.09353e+1	4.22192e+1	3.35923e+1	2.73331e+1	2.50539e+1
6.02139e+0	5.97409e+1	5.74165e+1	5.11059e+1	4.25795e+1	3.41609e+1	2.80660e+1	2.58495e+1
6.28319e+0	5.97409e+1	5.75325e+1	5.15396e+1	4.34483e+1	3.54663e+1	2.96920e+1	2.75929e+1
2
Функция I(phi,th)
phi\th		0.00000e-0	0.26180e+0	0.52360e+0	0.78540e+0	1.04720e+0	1.30900e+0	1.57080e+0
0.00000e-0	5.97409e+1	5.75325e+1	5.15396e+1	4.34483e+1	3.54663e+1	2.96920e+1	2.75929e+1
0.26180e+0	5.97409e+1	5.76897e+1	5.21209e+1	4.45963e+1	3.71665e+1	3.17872e+1	2.98308e+1
0.52360e+0	5.97409e+1	5.78461e+1	5.26955e+1	4.57214e+1	3.88181e+1	3.38093e+1	3.19853e+1
0.78540e+0	5.97409e+1	5.79597e+1	5.31101e+1	4.65243e+1	3.99834e+1	3.52236e+1	3.34874e+1
1.04720e+0	5.97409e+1	5.80002e+1	5.32525e+1	4.67865e+1	4.03426e+1	3.56395e+1	3.39210e+1
1.30900e+0	5.97409e+1	5.79564e+1	5.30834e+1	4.64321e+1	3.97870e+1	3.49263e+1	3.31480e+1
1.57080e+0	5.97409e+1	5.78402e+1	5.26475e+1	4.55540e+1	3.84605e+1	3.32678e+1	3.13671e+1
1.83260e+0	5.97409e+1	5.76827e+1	5.20623e+1	4.43908e+1	3.67265e+1	3.11203e+1	2.90692e+1
2.09440e+0	5.97409e+1	5.75263e+1	5.14862e+1	4.32598e+1	3.50619e+1	2.90785e+1	2.68922e+1
2.35619e+0	5.97409e+1	5.74128e+1	5.10740e+1	4.24662e+1	3.39175e+1	2.76967e+1	2.54276e+1
2.61799e+0	5.97409e+1	5.73726e+1	5.09353e+1	4.22192e+1	3.35923e+1	2.73331e+1	2.50539e+1
2.87979e+0	5.97409e+1	5.74165e+1	5.11059e+1	4.25795e+1	3.41609e+1	2.80660e+1	2.58495e+1
3.14159e+0	5.97409e+1	5.75325e+1	5.15396e+1	4.34483e+1	3.54663e+1	2.96920e+1	2.75929e+1
3.40339e+0	5.97409e+1	5.76897e+1	5.21209e+1	4.45963e+1	3.71665e+1	3.17872e+1	2.98308e+1
3.66519e+0	5.97409e+1	5.78461e+1	5.26955e+1	4.57214e+1	3.88181e+1	3.38093e+1	3.19853e+1
3.92699e+0	5.97409e+1	5.79597e+1	5.31101e+1	4.65243e+1	3.99834e+1	3.52236e+1	3.34874e+1
4.18879e+0	5.97409e+1	5.80002e+1	5.32525e+1	4.67865e+1	4.03426e+1	3.56395e+1	3.39210e+1
4.45059e+0	5.97409e+1	5.79564e+1	5.30834e+1	4.64321e+1	3.97870e+1	3.49263e+1	3.31480e+1
4.71239e+0	5.97409e+1	5.78402e+1	5.26475e+1	4.55540e+1	3.84605e+1	3.32678e+1	3.13671e+1
4.97419e+0	5.97409e+1	5.76827e+1	5.20623e+1	4.43908e+1	3.67265e+1	3.11203e+1	2.90692e+1
5.23599e+0	5.97409e+1	5.75263e+1	5.14862e+1	4.32598e+1	3.50619e+1	2.90785e+1	2.68922e+1
5.49779e+0	5.97409e+1	5.74128e+1	5.10740e+1	4.24662e+1	3.39175e+1	2.76967e+1	2.54276e+1
5.75959e+0	5.97409e+1	5.73726e+1	5.09353e+1	4.22192e+1	3.35923e+1	2.73331e+1	2.50539e+1
6.02139e+0	5.97409e+1	5.74165e+1	5.11059e+1	4.25795e+1	3.41609e+1	2.80660e+1	2.58495e+1
6.28319e+0	5.97409e+1	5.75325e+1	5.15396e+1	4.34483e+1	3.54663e+1	2.96920e+1	2.75929e+1
2
Функция I(phi,th)
phi\th		0.00000e-0	0.26180e+0	0.52360e+0	0.78540e+0	1.04720e+0	1.30900e+0	1.57080e+0
0.00000e-0	5.96987e+1	5.79242e+1	5.30927e+1	4.65311e+1	4.00137e+1	3.52707e+1	3.35405e+1
0.26180e+0	5.96987e+1	5.79643e+1	5.32340e+1	4.67913e+1	4.03705e+1	3.56840e+1	3.39715e+1
0.52360e+0	5.96987e+1	5.79191e+1	5.30594e+1	4.64262e+1	3.97990e+1	3.49515e+1	3.31780e+1
0.78540e+0	5.96987e+1	5.78006e+1	5.26150e+1	4.55314e+1	3.84478e+1	3.32622e+1	3.13641e+1
1.04720e+0	5.96987e+1	5.76407e+1	5.20209e+1	4.43502e+1	3.66865e+1	3.10807e+1	2.90298e+1
1.30900e+0	5.96987e+1	5.74824e+1	5.14376e+1	4.32046e+1	3.49996e+1	2.90110e+1	2.68227e+1
1.57080e+0	5.96987e+1	5.73680e+1	5.10219e+1	4.24037e+1	3.38439e+1	2.76147e+1	2.53424e+1
1.83260e+0	5.96987e+1	5.73282e+1	5.08844e+1	4.21587e+1	3.35213e+1	2.72538e+1	2.49715e+1
2.09440e+0	5.96987e+1	5.73735e+1	5.10605e+1	4.25297e+1	3.41056e+1	2.80060e+1	2.57875e+1
2.35619e+0	5.96987e+1	5.74918e+1	5.15025e+1	4.34151e+1	3.54358e+1	2.96625e+1	2.75637e+1
2.61799e+0	5.96987e+1	5.76514e+1	5.20928e+1	4.45811e+1	3.71630e+1	3.17915e+1	2.98378e+1
2.87979e+0	5.96987e+1	5.78097e+1	5.26747e+1	4.57209e+1	3.88369e+1	3.38416e+1	3.20224e+1
3.14159e+0	5.96987e+1	5.79242e+1	5.30927e+1	4.65311e+1	4.00137e+1	3.52707e+1	3.35405e+1
3.40339e+0	5.96987e+1	5.79643e+1	5.32340e+1	4.67913e+1	4.03705e+1	3.56840e+1	3.39715e+1
3.66519e+0	5.96987e+1	5.79191e+1	5.30594e+1	4.64262e+1	3.97990e+1	3.49515e+1	3.31780e+1
3.92699e+0	5.96987e+1	5.78006e+1	5.26150e+1	4.55314e+1	3.84478e+1	3.32622e+1	3.13641e+1
4.18879e+0	5.96987e+1	5.76407e+1	5.20209e+1	4.43502e+1	3.66865e+1	3.10807e+1	2.90298e+1
4.45059e+0	5.96987e+1	5.74824e+1	5.14376e+1	4.32046e+1	3.49996e+1	2.90110e+1	2.68227e+1
4.71239e+0	5.96987e+1	5.73680e+1	5.10219e+1	4.24037e+1	3.38439e+1	2.76147e+1	2.53424e+1
4.97419e+0	5.96987e+1	5.73282e+1	5.08844e+1	4.21587e+1	3.35213e+1	2.72538e+1	2.49715e+1
5.23599e+0	5.96987e+1	5.73735e+1	5.10605e+1	4.25297e+1	3.41056e+1	2.80060e+1	2.57875e+1
5.49779e+0	5.96987e+1	5.74918e+1	5.15025e+1	4.34151e+1	3.54358e+1	2.96625e+1	2.75637e+1
5.75959e+0	5.96987e+1	5.76514e+1	5.20928e+1	4.45811e+1	3.71630e+1	3.17915e+1	2.98378e+1
6.02139e+0	5.96987e+1	5.78097e+1	5.26747e+1	4.57209e+1	3.88369e+1	3.38416e+1	3.20224e+1
6.28319e+0	5.96987e+1	5.79242e+1	5.30927e+1	4.65311e+1	4.00137e+1	3.52707e+1	3.35405e+1
2
Функция I(phi,th)
phi\th		0.00000e-0	0.26180e+0	0.52360e+0	0.78540e+0	1.04720e+0	1.30900e+0	1.57080e+0
0.00000e-0	5.96987e+1	5.79242e+1	5.30927e+1	4.65311e+1	4.00137e+1	3.52707e+1	3.35405e+1
0.26180e+0	5.96987e+1	5.79643e+1	5.32340e+1	4.67913e+1	4.03705e+1	3.56840e+1	3.39715e+1
0.52360e+0	5.96987e+1	5.79191e+1	5.30594e+1	4.64262e+1	3.97990e+1	3.49515e+1	3.31780e+1
0.78540e+0	5.96987e+1	5.78006e+1	5.26150e+1	4.55314e+1	3.84478e+1	3.32622e+1	3.13641e+1
1.04720e+0	5.96987e+1	5.76407e+1	5.20209e+1	4.43502e+1	3.66865e+1	3.10807e+1	2.90298e+1
1.30900e+0	5.96987e+1	5.74824e+1	5.14376e+1	4.32046e+1	3.49996e+1	2.90110e+1	2.68227e+1
1.57080e+0	5.96987e+1	5.73680e+1	5.10219e+1	4.24037e+1	3.38439e+1	2.76147e+1	2.53424e+1
1.83260e+0	5.96987e+1	5.73282e+1	5.08844e+1	4.21587e+1	3.35213e+1	2.72538e+1	2.49715e+1
2.09440e+0	5.96987e+1	5.73735e+1	5.10605e+1	4.25297e+1	3.41056e+1	2.80060e+1	2.57875e+1
2.35619e+0	5.96987e+1	5.74918e+1	5.15025e+1	4.34151e+1	3.54358e+1	2.96625e+1	2.75637e+1
2.61799e+0	5.96987e+1	5.76514e+1	5.20928e+1	4.45811e+1	3.71630e+1	3.17915e+1	2.98378e+1
2.87979e+0	5.96987e+1	5.78097e+1	5.26747e+1	4.57209e+1	3.88369e+1	3.38416e+1	3.20224e+1
3.14159e+0	5.96987e+1	5.79242e+1	5.30927e+1	4.65311e+1	4.00137e+1	3.52707e+1	3.35405e+1
3.40339e+0	5.96987e+1	5.79643e+1	5.32340e+1	4.67913e+1	4.03705e+1	3.56840e+1	3.39715e+1
3.66519e+0	5.96987e+1	5.79191e+1	5.30594e+1	4.64262e+1	3.97990e+1	3.49515e+1	3.31780e+1
3.92699e+0	5.96987e+1	5.78006e+1	5.26150e+1	4.55314e+1	3.84478e+1	3.32622e+1	3.13641e+1
4.18879e+0	5.96987e+1	5.76407e+1	5.20209e+1	4.43502e+1	3.66865e+1	3.10807e+1	2.90298e+1
4.45059e+0	5.96987e+1	5.74824e+1	5.14376e+1	4.32046e+1	3.49996e+1	2.90110e+1	2.68227e+1
4.71239e+0	5.96987e+1	5.73680e+1	5.10219e+1	4.24037e+1	3.38439e+1	2.76147e+1	2.53424e+1
4.97419e+0	5.96987e+1	5.73282e+1	5.08844e+1	4.21587e+1	3.35213e+1	2.72538e+1	2.49715e+1
5.23599e+0	5.96987e+1	5.73735e+1	5.10605e+1	4.25297e+1	3.41056e+1	2.80060e+1	2.57875e+1
5.49779e+0	5.96987e+1	5.74918e+1	5.15025e+1	4.34151e+1	3.54358e+1	2.96625e+1	2.75637e+1
5.75959e+0	5.96987e+1	5.76514e+1	5.20928e+1	4.45811e+1	3.71630e+1	3.17915e+1	2.98378e+1
6.02139e+0	5.96987e+1	5.78097e+1	5.26747e+1	4.57209e+1	3.88369e+1	3.38416e+1	3.20224e+1
6.28319e+0	5.96987e+1	5.79242e+1	5.30927e+1	4.65311e+1	4.00137e+1	3.52707e+1	3.35405e+1
2
Функция I(phi,th)
phi\th		0.00000e-0	0.26180e+0	0.52360e+0	0.78540e+0	1.04720e+0	1.30900e+0	1.57080e+0
0.00000e-0	5.97436e+1	5.74639e+1	5.12765e+1	4.29209e+1	3.46762e+1	2.87105e+1	2.65416e+1
0.26180e+0	5.97436e+1	5.76030e+1	5.17934e+1	4.39484e+1	3.62080e+1	3.06075e+1	2.85714e+1
0.52360e+0	5.97436e+1	5.77651e+1	5.23912e+1	4.51241e+1	3.79418e+1	3.27375e+1	3.08438e+1
0.78540e+0	5.97436e+1	5.79069e+1	5.29109e+1	4.61376e+1	3.94234e+1	3.45457e+1	3.27681e+1
1.04720e+0	5.97436e+1	5.79904e+1	5.32131e+1	4.67169e+1	4.02548e+1	3.55458e+1	3.38268e+1
1.30900e+0	5.97436e+1	5.79931e+1	5.32157e+1	4.67018e+1	4.02019e+1	3.54526e+1	3.37161e+1
1.57080e+0	5.97436e+1	5.79141e+1	5.29166e+1	4.60916e+1	3.92686e+1	3.42750e+1	3.24475e+1
1.83260e+0	5.97436e+1	5.77748e+1	5.23963e+1	4.50504e+1	3.77059e+1	3.23302e+1	3.03628e+1
2.09440e+0	5.97436e+1	5.76124e+1	5.17953e+1	4.38620e+1	3.59439e+1	3.01569e+1	2.80408e+1
2.35619e+0	5.97436e+1	5.74706e+1	5.12758e+1	4.28497e+1	3.44651e+1	2.83534e+1	2.61219e+1
2.61799e+0	5.97436e+1	5.73874e+1	5.09771e+1	4.22842e+1	3.36647e+1	2.74011e+1	2.51182e+1
2.87979e+0	5.97436e+1	5.73849e+1	5.09777e+1	4.23119e+1	3.37457e+1	2.75375e+1	2.52784e+1
3.14159e+0	5.97436e+1	5.74639e+1	5.12765e+1	4.29209e+1	3.46762e+1	2.87105e+1	2.65416e+1
3.40339e+0	5.97436e+1	5.76030e+1	5.17934e+1	4.39484e+1	3.62080e+1	3.06075e+1	2.85714e+1
3.66519e+0	5.97436e+1	5.77651e+1	5.23912e+1	4.51241e+1	3.79418e+1	3.27375e+1	3.08438e+1
3.92699e+0	5.97436e+1	5.79069e+1	5.29109e+1	4.61376e+1	3.94234e+1	3.45457e+1	3.27681e+1
4.18879e+0	5.97436e+1	5.79904e+1	5.32131e+1	4.67169e+1	4.02548e+1	3.55458e+1	3.38268e+1
4.45059e+0	5.97436e+1	5.79931e+1	5.32157e+1	4.67018e+1	4.02019e+1	3.54526e+1	3.37161e+1
4.71239e+0	5.97436e+1	5.79141e+1	5.29166e+1	4.60916e+1	3.92686e+1	3.42750e+1	3.24475e+1
4.97419e+0	5.97436e+1	5.77748e+1	5.23963e+1	4.50504e+1	3.77059e+1	3.23302e+1	3.03628e+1
5.23599e+0	5.97436e+1	5.76124e+1	5.17953e+1	4.38620e+1	3.59439e+1	3.01569e+1	2.80408e+1
5.49779e+0	5.97436e+1	5.74706e+1	5.12758e+1	4.28497e+1	3.44651e+1	2.83534e+1	2.61219e+1
5.75959e+0	5.97436e+1	5.73874e+1	5.09771e+1	4.22842e+1	3.36647e+1	2.74011e+1	2.51182e+1
6.02139e+0	5.97436e+1	5.73849e+1	5.09777e+1	4.23119e+1	3.37457e+1	2.75375e+1	2.52784e+1
6.28319e+0	5.97436e+1	5.74639e+1	5.12765e+1	4.29209e+1	3.46762e+1	2.87105e+1	2.65416e+1
2
Функция I(phi,th)
phi\th		0.00000e-0	0.26180e+0	0.52360e+0	0.78540e+0	1.04720e+0	1.30900e+0	1.57080e+0
0.00000e-0	5.97436e+1	5.74639e+1	5.12765e+1	4.29209e+1	3.46762e+1	2.87105e+1	2.65416e+1
0.26180e+0	5.97436e+1	5.76030e+1	5.17934e+1	4.39484e+1	3.62080e+1	3.06075e+1	2.85714e+1
0.52360e+0	5.97436e+1	5.77651e+1	5.23912e+1	4.51241e+1	3.79418e+1	3.27375e+1	3.08438e+1
0.78540e+0	5.97436e+1	5.79069e+1	5.29109e+1	4.61376e+1	3.94234e+1	3.45457e+1	3.27681e+1
1.04720e+0	5.97436e+1	5.79904e+1	5.32131e+1	4.67169e+1	4.02548e+1	3.55458e+1	3.38268e+1
1.30900e+0	5.97436e+1	5.79931e+1	5.32157e+1	4.67018e+1	4.02019e+1	3.54526e+1	3.37161e+1
1.57080e+0	5.97436e+1	5.79141e+1	5.29166e+1	4.60916e+1	3.92686e+1	3.42750e+1	3.24475e+1
1.83260e+0	5.97436e+1	5.77748e+1	5.23963e+1	4.50504e+1	3.77059e+1	3.23302e+1	3.03628e+1
2.09440e+0	5.97436e+1	5.76124e+1	5.17953e+1	4.38620e+1	3.59439e+1	3.01569e+1	2.80408e+1
2.35619e+0	5.97436e+1	5.74706e+1	5.12758e+1	4.28497e+1	3.44651e+1	2.83534e+1	2.61219e+1
2.61799e+0	5.97436e+1	5.73874e+1	5.09771e+1	4.22842e+1	3.36647e+1	2.74011e+1	2.51182e+1
2.87979e+0	5.97436e+1	5.73849e+1	5.09777e+1	4.23119e+1	3.37457e+1	2.75375e+1	2.52784e+1
3.14159e+0	5.97436e+1	5.74639e+1	5.12765e+1	4.29209e+1	3.46762e+1	2.87105e+1	2.65416e+1
3.40339e+0	5.97436e+1	5.76030e+1	5.17934e+1	4.39484e+1	3.62080e+1	3.06075e+1	2.85714e+1
3.66519e+0	5.97436e+1	5.77651e+1	5.23912e+1	4.51241e+1	3.79418e+1	3.27375e+1	3.08438e+1
3.92699e+0	5.97436e+1	5.79069e+1	5.29109e+1	4.61376e+1	3.94234e+1	3.45457e+1	3.27681e+1
4.18879e+0	5.97436e+1	5.79904e+1	5.32131e+1	4.67169e+1	4.02548e+1	3.55458e+1	3.38268e+1
4.45059e+0	5.97436e+1	5.79931e+1	5.32157e+1	4.67018e+1	4.02019e+1	3.54526e+1	3.37161e+1
4.71239e+0	5.97436e+1	5.79141e+1	5.29166e+1	4.60916e+1	3.92686e+1	3.42750e+1	3.24475e+1
4.97419e+0	5.97436e+1	5.77748e+1	5.23963e+1	4.50504e+1	3.77059e+1	3.23302e+1	3.03628e+1
5.23599e+0	5.97436e+1	5.76124e+1	5.17953e+1	4.38620e+1	3.59439e+1	3.01569e+1	2.80408e+1
5.49779e+0	5.97436e+1	5.74706e+1	5.12758e+1	4.28497e+1	3.44651e+1	2.83534e+1	2.61219e+1
5.75959e+0	5.97436e+1	5.73874e+1	5.09771e+1	4.22842e+1	3.36647e+1	2.74011e+1	2.51182e+1
6.02139e+0	5.97436e+1	5.73849e+1	5.09777e+1	4.23119e+1	3.37457e+1	2.75375e+1	2.52784e+1
6.28319e+0	5.97436e+1	5.74639e+1	5.12765e+1	4.29209e+1	3.46762e+1	2.87105e+1	2.65416e+1
2
Функция I(phi,th)
phi\th		0.00000e-0	0.26180e+0	0.52360e+0	0.78540e+0	1.04720e+0	1.30900e+0	1.57080e+0
0.00000e-0	5.97409e+1	5.75325e+1	5.15396e+1	4.34483e+1	3.54663e+1	2.96920e+1	2.75929e+1
0.26180e+0	5.97409e+1	5.76897e+1	5.21209e+1	4.45963e+1	3.71665e+1	3.17872e+1	2.98308e+1
0.52360e+0	5.97409e+1	5.78461e+1	5.26955e+1	4.57214e+1	3.88181e+1	3.38093e+1	3.19853e+1
0.78540e+0	5.97409e+1	5.79597e+1	5.31101e+1	4.65243e+1	3.99834e+1	3.52236e+1	3.34874e+1
1.04720e+0	5.97409e+1	5.80002e+1	5.32525e+1	4.67865e+1	4.03426e+1	3.56395e+1	3.39210e+1
1.30900e+0	5.97409e+1	5.79564e+1	5.30834e+1	4.64321e+1	3.97870e+1	3.49263e+1	3.31480e+1
1.57080e+0	5.97409e+1	5.78402e+1	5.26475e+1	4.55540e+1	3.84605e+1	3.32678e+1	3.13671e+1
1.83260e+0	5.97409e+1	5.76827e+1	5.20623e+1	4.43908e+1	3.67265e+1	3.11203e+1	2.90692e+1
2.09440e+0	5.97409e+1	5.75263e+1	5.14862e+1	4.32598e+1	3.50619e+1	2.90785e+1	2.68922e+1
2.35619e+0	5.97409e+1	5.74128e+1	5.10740e+1	4.24662e+1	3.39175e+1	2.76967e+1	2.54276e+1
2.61799e+0	5.97409e+1	5.73726e+1	5.09353e+1	4.22192e+1	3.35923e+1	2.73331e+1	2.50539e+1
2.87979e+0	5.97409e+1	5.74165e+1	5.11059e+1	4.25795e+1	3.41609e+1	2.80660e+1	2.58495e+1
3.14159e+0	5.97409e+1	5.75325e+1	5.15396e+1	4.34483e+1	3.54663e+1	2.96920e+1	2.75929e+1
3.40339e+0	5.97409e+1	5.76897e+1	5.21209e+1	4.45963e+1	3.71665e+1	3.17872e+1	2.98308e+1
3.66519e+0	5.97409e+1	5.78461e+1	5.26955e+1	4.57214e+1	3.88181e+1	3.38093e+1	3.19853e+1
3.92699e+0	5.97409e+1	5.79597e+1	5.31101e+1	4.65243e+1	3.99834e+1	3.52236e+1	3.34874e+1
4.18879e+0	5.97409e+1	5.80002e+1	5.32525e+1	4.67865e+1	4.03426e+1	3.56395e+1	3.39210e+1
4.45059e+0	5.97409e+1	5.79564e+1	5.30834e+1	4.64321e+1	3.97870e+1	3.49263e+1	3.31480e+1
4.71239e+0	5.97409e+1	5.78402e+1	5.26475e+1	4.55540e+1	3.84605e+1	3.32678e+1	3.13671e+1
4.97419e+0	5.97409e+1	5.76827e+1	5.20623e+1	4.43908e+1	3.67265e+1	3.11203e+1	2.90692e+1
5.23599e+0	5.97409e+1	5.75263e+1	5.14862e+1	4.32598e+1	3.50619e+1	2.90785e+1	2.68922e+1
5.49779e+0	5.97409e+1	5.74128e+1	5.10740e+1	4.24662e+1	3.39175e+1	2.76967e+1	2.54276e+1
5.75959e+0	5.97409e+1	5.73726e+1	5.09353e+1	4.22192e+1	3.35923e+1	2.73331e+1	2.50539e+1
6.02139e+0	5.97409e+1	5.74165e+1	5.11059e+1	4.25795e+1	3.41609e+1	2.80660e+1	2.58495e+1
6.28319e+0	5.97409e+1	5.75325e+1	5.15396e+1	4.34483e+1	3.54663e+1	2.96920e+1	2.75929e+1
2
Функция I(phi,th)
phi\th		0.00000e-0	0.26180e+0	0.52360e+0	0.78540e+0	1.04720e+0	1.30900e+0	1.57080e+0
0.00000e-0	5.97409e+1	5.75325e+1	5.15396e+1	4.34483e+1	3.54663e+1	2.96920e+1	2.75929e+1
0.26180e+0	5.97409e+1	5.76897e+1	5.21209e+1	4.45963e+1	3.71665e+1	3.17872e+1	2.98308e+1
0.52360e+0	5.97409e+1	5.78461e+1	5.26955e+1	4.57214e+1	3.88181e+1	3.38093e+1	3.19853e+1
0.78540e+0	5.97409e+1	5.79597e+1	5.31101e+1	4.65243e+1	3.99834e+1	3.52236e+1	3.34874e+1
1.04720e+0	5.97409e+1	5.80002e+1	5.32525e+1	4.67865e+1	4.03426e+1	3.56395e+1	3.39210e+1
1.30900e+0	5.97409e+1	5.79564e+1	5.30834e+1	4.64321e+1	3.97870e+1	3.49263e+1	3.31480e+1
1.57080e+0	5.97409e+1	5.78402e+1	5.26475e+1	4.55540e+1	3.84605e+1	3.32678e+1	3.13671e+1
1.83260e+0	5.97409e+1	5.76827e+1	5.20623e+1	4.43908e+1	3.67265e+1	3.11203e+1	2.90692e+1
2.09440e+0	5.97409e+1	5.75263e+1	5.14862e+1	4.32598e+1	3.50619e+1	2.90785e+1	2.68922e+1
2.35619e+0	5.97409e+1	5.74128e+1	5.10740e+1	4.24662e+1	3.39175e+1	2.76967e+1	2.54276e+1
2.61799e+0	5.97409e+1	5.73726e+1	5.09353e+1	4.22192e+1	3.35923e+1	2.73331e+1	2.50539e+1
2.87979e+0	5.97409e+1	5.74165e+1	5.11059e+1	4.25795e+1	3.41609e+1	2.80660e+1	2.58495e+1
3.14159e+0	5.97409e+1	5.75325e+1	5.15396e+1	4.34483e+1	3.54663e+1	2.96920e+1	2.75929e+1
3.40339e+0	5.97409e+1	5.76897e+1	5.21209e+1	4.45963e+1	3.71665e+1	3.17872e+1	2.98308e+1
3.66519e+0	5.97409e+1	5.78461e+1	5.26955e+1	4.57214e+1	3.88181e+1	3.38093e+1	3.19853e+1
3.92699e+0	5.97409e+1	5.79597e+1	5.31101e+1	4.65243e+1	3.99834e+1	3.52236e+1	3.34874e+1
4.18879e+0	5.97409e+1	5.80002e+1	5.32525e+1	4.67865e+1	4.03426e+1	3.56395e+1	3.39210e+1
4.45059e+0	5.97409e+1	5.79564e+1	5.30834e+1	4.64321e+1	3.97870e+1	3.49263e+1	3.31480e+1
4.71239e+0	5.97409e+1	5.78402e+1	5.26475e+1	4.55540e+1	3.84605e+1	3.32678e+1	3.13671e+1
4.97419e+0	5.97409e+1	5.76827e+1	5.20623e+1	4.43908e+1	3.67265e+1	3.11203e+1	2.90692e+1
5.23599e+0	5.97409e+1	5.75263e+1	5.14862e+1	4.32598e+1	3.50619e+1	2.90785e+1	2.68922e+1
5.49779e+0	5.97409e+1	5.74128e+1	5.10740e+1	4.24662e+1	3.39175e+1	2.76967e+1	2.54276e+1
5.75959e+0	5.97409e+1	5.73726e+1	5.09353e+1	4.22192e+1	3.35923e+1	2.73331e+1	2.50539e+1
6.02139e+0	5.97409e+1	5.74165e+1	5.11059e+1	4.25795e+1	3.41609e+1	2.80660e+1	2.58495e+1
6.28319e+0	5.97409e+1	5.75325e+1	5.15396e+1	4.34483e+1	3.54663e+1	2.96920e+1	2.75929e+1
2
Функция I(phi,th)
phi\th		0.00000e-0	0.26180e+0	0.52360e+0	0.78540e+0	1.04720e+0	1.30900e+0	1.57080e+0
0.00000e-0	5.97409e+1	5.75325e+1	5.15396e+1	4.34483e+1	3.54663e+1	2.96920e+1	2.75929e+1
0.26180e+0	5.97409e+1	5.76897e+1	5.21209e+1	4.45963e+1	3.71665e+1	3.17872e+1	2.98308e+1
0.52360e+0	5.97409e+1	5.78461e+1	5.26955e+1	4.57214e+1	3.88181e+1	3.38093e+1	3.19853e+1
0.78540e+0	5.97409e+1	5.79597e+1	5.31101e+1	4.65243e+1	3.99834e+1	3.52236e+1	3.34874e+1
1.04720e+0	5.97409e+1	5.80002e+1	5.32525e+1	4.67865e+1	4.03426e+1	3.56395e+1	3.39210e+1
1.30900e+0	5.97409e+1	5.79564e+1	5.30834e+1	4.64321e+1	3.97870e+1	3.49263e+1	3.31480e+1
1.57080e+0	5.97409e+1	5.78402e+1	5.26475e+1	4.55540e+1	3.84605e+1	3.32678e+1	3.13671e+1
1.83260e+0	5.97409e+1	5.76827e+1	5.20623e+1	4.43908e+1	3.67265e+1	3.11203e+1	2.90692e+1
2.09440e+0	5.97409e+1	5.75263e+1	5.14862e+1	4.32598e+1	3.50619e+1	2.90785e+1	2.68922e+1
2.35619e+0	5.97409e+1	5.74128e+1	5.10740e+1	4.24662e+1	3.39175e+1	2.76967e+1	2.54276e+1
2.61799e+0	5.97409e+1	5.73726e+1	5.09353e+1	4.22192e+1	3.35923e+1	2.73331e+1	2.50539e+1
2.87979e+0	5.97409e+1	5.74165e+1	5.11059e+1	4.25795e+1	3.41609e+1	2.80660e+1	2.58495e+1
3.14159e+0	5.97409e+1	5.75325e+1	5.15396e+1	4.34483e+1	3.54663e+1	2.96920e+1	2.75929e+1
3.40339e+0	5.97409e+1	5.76897e+1	5.21209e+1	4.45963e+1	3.71665e+1	3.17872e+1	2.98308e+1
3.66519e+0	5.97409e+1	5.78461e+1	5.26955e+1	4.57214e+1	3.88181e+1	3.38093e+1	3.19853e+1
3.92699e+0	5.97409e+1	5.79597e+1	5.31101e+1	4.65243e+1	3.99834e+1	3.52236e+1	3.34874e+1
4.18879e+0	5.97409e+1	5.80002e+1	5.32525e+1	4.67865e+1	4.03426e+1	3.56395e+1	3.39210e+1
4.45059e+0	5.97409e+1	5.79564e+1	5.30834e+1	4.64321e+1	3.97870e+1	3.49263e+1	3.31480e+1
4.71239e+0	5.97409e+1	5.78402e+1	5.26475e+1	4.55540e+1	3.84605e+1	3.32678e+1	3.13671e+1
4.97419e+0	5.97409e+1	5.76827e+1	5.20623e+1	4.43908e+1	3.67265e+1	3.11203e+1	2.90692e+1
5.23599e+0	5.97409e+1	5.75263e+1	5.14862e+1	4.32598e+1	3.50619e+1	2.90785e+1	2.68922e+1
5.49779e+0	5.97409e+1	5.74128e+1	5.10740e+1	4.24662e+1	3.39175e+1	2.76967e+1	2.54276e+1
5.75959e+0	5.97409e+1	5.73726e+1	5.09353e+1	4.22192e+1	3.35923e+1	2.73331e+1	2.50539e+1
6.02139e+0	5.97409e+1	5.74165e+1	5.11059e+1	4.25795e+1	3.41609e+1	2.80660e+1	2.58495e+1
6.28319e+0	5.97409e+1	5.75325e+1	5.15396e+1	4.34483e+1	3.54663e+1	2.96920e+1	2.75929e+1
2
Функция I(phi,th)
phi\th		0.00000e-0	0.26180e+0	0.52360e+0	0.78540e+0	1.04720e+0	1.30900e+0	1.57080e+0
0.00000e-0	5.97409e+1	5.75325e+1	5.15396e+1	4.34483e+1	3.54663e+1	2.96920e+1	2.75929e+1
0.26180e+0	5.97409e+1	5.76897e+1	5.21209e+1	4.45963e+1	3.71665e+1	3.17872e+1	2.98308e+1
0.52360e+0	5.97409e+1	5.78461e+1	5.26955e+1	4.57214e+1	3.88181e+1	3.38093e+1	3.19853e+1
0.78540e+0	5.97409e+1	5.79597e+1	5.31101e+1	4.65243e+1	3.99834e+1	3.52236e+1	3.34874e+1
1.04720e+0	5.97409e+1	5.80002e+1	5.32525e+1	4.67865e+1	4.03426e+1	3.56395e+1	3.39210e+1
1.30900e+0	5.97409e+1	5.79564e+1	5.30834e+1	4.64321e+1	3.97870e+1	3.49263e+1	3.31480e+1
1.57080e+0	5.97409e+1	5.78402e+1	5.26475e+1	4.55540e+1	3.84605e+1	3.32678e+1	3.13671e+1
1.83260e+0	5.97409e+1	5.76827e+1	5.20623e+1	4.43908e+1	3.67265e+1	3.11203e+1	2.90692e+1
2.09440e+0	5.97409e+1	5.75263e+1	5.14862e+1	4.32598e+1	3.50619e+1	2.90785e+1	2.68922e+1
2.35619e+0	5.97409e+1	5.74128e+1	5.10740e+1	4.24662e+1	3.39175e+1	2.76967e+1	2.54276e+1
2.61799e+0	5.97409e+1	5.73726e+1	5.09353e+1	4.22192e+1	3.35923e+1	2.73331e+1	2.50539e+1
2.87979e+0	5.97409e+1	5.74165e+1	5.11059e+1	4.25795e+1	3.41609e+1	2.80660e+1	2.58495e+1
3.14159e+0	5.97409e+1	5.75325e+1	5.15396e+1	4.34483e+1	3.54663e+1	2.96920e+1	2.75929e+1
3.40339e+0	5.97409e+1	5.76897e+1	5.21209e+1	4.45963e+1	3.71665e+1	3.17872e+1	2.98308e+1
3.66519e+0	5.97409e+1	5.78461e+1	5.26955e+1	4.57214e+1	3.88181e+1	3.38093e+1	3.19853e+1
3.92699e+0	5.97409e+1	5.79597e+1	5.31101e+1	4.65243e+1	3.99834e+1	3.52236e+1	3.34874e+1
4.18879e+0	5.97409e+1	5.80002e+1	5.32525e+1	4.67865e+1	4.03426e+1	3.56395e+1	3.39210e+1
4.45059e+0	5.97409e+1	5.79564e+1	5.30834e+1	4.64321e+1	3.97870e+1	3.49263e+1	3.31480e+1
4.71239e+0	5.97409e+1	5.78402e+1	5.26475e+1	4.55540e+1	3.84605e+1	3.32678e+1	3.13671e+1
4.97419e+0	5.97409e+1	5.76827e+1	5.20623e+1	4.43908e+1	3.67265e+1	3.11203e+1	2.90692e+1
5.23599e+0	5.97409e+1	5.75263e+1	5.14862e+1	4.32598e+1	3.50619e+1	2.90785e+1	2.68922e+1
5.49779e+0	5.97409e+1	5.74128e+1	5.10740e+1	4.24662e+1	3.39175e+1	2.76967e+1	2.54276e+1
5.75959e+0	5.97409e+1	5.73726e+1	5.09353e+1	4.22192e+1	3.35923e+1	2.73331e+1	2.50539e+1
6.02139e+0	5.97409e+1	5.74165e+1	5.11059e+1	4.25795e+1	3.41609e+1	2.80660e+1	2.58495e+1
6.28319e+0	5.97409e+1	5.75325e+1	5.15396e+1	4.34483e+1	3.54663e+1	2.96920e+1	2.75929e+1
2
Функция I(phi,th)
phi\th		0.00000e-0	0.26180e+0	0.52360e+0	0.78540e+0	1.04720e+0	1.30900e+0	1.57080e+0
0.00000e-0	5.97436e+1	5.74639e+1	5.12765e+1	4.29209e+1	3.46762e+1	2.87105e+1	2.65416e+1
0.26180e+0	5.97436e+1	5.76030e+1	5.17934e+1	4.39484e+1	3.62080e+1	3.06075e+1	2.85714e+1
0.52360e+0	5.97436e+1	5.77651e+1	5.23912e+1	4.51241e+1	3.79418e+1	3.27375e+1	3.08438e+1
0.78540e+0	5.97436e+1	5.79069e+1	5.29109e+1	4.61376e+1	3.94234e+1	3.45457e+1	3.27681e+1
1.04720e+0	5.97436e+1	5.79904e+1	5.32131e+1	4.67169e+1	4.02548e+1	3.55458e+1	3.38268e+1
1.30900e+0	5.97436e+1	5.79931e+1	5.32157e+1	4.67018e+1	4.02019e+1	3.54526e+1	3.37161e+1
1.57080e+0	5.97436e+1	5.79141e+1	5.29166e+1	4.60916e+1	3.92686e+1	3.42750e+1	3.24475e+1
1.83260e+0	5.97436e+1	5.77748e+1	5.23963e+1	4.50504e+1	3.77059e+1	3.23302e+1	3.03628e+1
2.09440e+0	5.97436e+1	5.76124e+1	5.17953e+1	4.38620e+1	3.59439e+1	3.01569e+1	2.80408e+1
2.35619e+0	5.97436e+1	5.74706e+1	5.12758e+1	4.28497e+1	3.44651e+1	2.83534e+1	2.61219e+1
2.61799e+0	5.97436e+1	5.73874e+1	5.09771e+1	4.22842e+1	3.36647e+1	2.74011e+1	2.51182e+1
2.87979e+0	5.97436e+1	5.73849e+1	5.09777e+1	4.23119e+1	3.37457e+1	2.75375e+1	2.52784e+1
3.14159e+0	5.97436e+1	5.74639e+1	5.12765e+1	4.29209e+1	3.46762e+1	2.87105e+1	2.65416e+1
3.40339e+0	5.97436e+1	5.76030e+1	5.17934e+1	4.39484e+1	3.62080e+1	3.06075e+1	2.85714e+1
3.66519e+0	5.97436e+1	5.77651e+1	5.23912e+1	4.51241e+1	3.79418e+1	3.27375e+1	3.08438e+1
3.92699e+0	5.97436e+1	5.79069e+1	5.29109e+1	4.61376e+1	3.94234e+1	3.45457e+1	3.27681e+1
4.18879e+0	5.97436e+1	5.79904e+1	5.32131e+1	4.67169e+1	4.02548e+1	3.55458e+1	3.38268e+1
4.45059e+0	5.97436e+1	5.79931e+1	5.32157e+1	4.67018e+1	4.02019e+1	3.54526e+1	3.37161e+1
4.71239e+0	5.97436e+1	5.79141e+1	5.29166e+1	4.60916e+1	3.92686e+1	3.42750e+1	3.24475e+1
4.97419e+0	5.97436e+1	5.77748e+1	5.23963e+1	4.50504e+1	3.77059e+1	3.23302e+1	3.03628e+1
5.23599e+0	5.97436e+1	5.76124e+1	5.17953e+1	4.38620e+1	3.59439e+1	3.01569e+1	2.80408e+1
5.49779e+0	5.97436e+1	5.74706e+1	5.12758e+1	4.28497e+1	3.44651e+1	2.83534e+1	2.61219e+1
5.75959e+0	5.97436e+1	5.73874e+1	5.09771e+1	4.22842e+1	3.36647e+1	2.74011e+1	2.51182e+1
6.02139e+0	5.97436e+1	5.73849e+1	5.09777e+1	4.23119e+1	3.37457e+1	2.75375e+1	2.52784e+1
6.28319e+0	5.97436e+1	5.74639e+1	5.12765e+1	4.29209e+1	3.46762e+1	2.87105e+1	2.65416e+1
2
Функция I(phi,th)
phi\th		0.00000e-0	0.26180e+0	0.52360e+0	0.78540e+0	1.04720e+0	1.30900e+0	1.57080e+0
0.00000e-0	5.97436e+1	5.74639e+1	5.12765e+1	4.29209e+1	3.46762e+1	2.87105e+1	2.65416e+1
0.26180e+0	5.97436e+1	5.76030e+1	5.17934e+1	4.39484e+1	3.62080e+1	3.06075e+1	2.85714e+1
0.52360e+0	5.97436e+1	5.77651e+1	5.23912e+1	4.51241e+1	3.79418e+1	3.27375e+1	3.08438e+1
0.78540e+0	5.97436e+1	5.79069e+1	5.29109e+1	4.61376e+1	3.94234e+1	3.45457e+1	3.27681e+1
1.04720e+0	5.97436e+1	5.79904e+1	5.32131e+1	4.67169e+1	4.02548e+1	3.55458e+1	3.38268e+1
1.30900e+0	5.97436e+1	5.79931e+1	5.32157e+1	4.67018e+1	4.02019e+1	3.54526e+1	3.37161e+1
1.57080e+0	5.97436e+1	5.79141e+1	5.29166e+1	4.60916e+1	3.92686e+1	3.42750e+1	3.24475e+1
1.83260e+0	5.97436e+1	5.77748e+1	5.23963e+1	4.50504e+1	3.77059e+1	3.23302e+1	3.03628e+1
2.09440e+0	5.97436e+1	5.76124e+1	5.17953e+1	4.38620e+1	3.59439e+1	3.01569e+1	2.80408e+1
2.35619e+0	5.97436e+1	5.74706e+1	5.12758e+1	4.28497e+1	3.44651e+1	2.83534e+1	2.61219e+1
2.61799e+0	5.97436e+1	5.73874e+1	5.09771e+1	4.22842e+1	3.36647e+1	2.74011e+1	2.51182e+1
2.87979e+0	5.97436e+1	5.73849e+1	5.09777e+1	4.23119e+1	3.37457e+1	2.75375e+1	2.52784e+1
3.14159e+0	5.97436e+1	5.74639e+1	5.12765e+1	4.29209e+1	3.46762e+1	2.87105e+1	2.65416e+1
3.40339e+0	5.97436e+1	5.76030e+1	5.17934e+1	4.39484e+1	3.62080e+1	3.06075e+1	2.85714e+1
3.66519e+0	5.97436e+1	5.77651e+1	5.23912e+1	4.51241e+1	3.79418e+1	3.27375e+1	3.08438e+1
3.92699e+0	5.97436e+1	5.79069e+1	5.29109e+1	4.61376e+1	3.94234e+1	3.45457e+1	3.27681e+1
4.18879e+0	5.97436e+1	5.79904e+1	5.32131e+1	4.67169e+1	4.02548e+1	3.55458e+1	3.38268e+1
4.45059e+0	5.97436e+1	5.79931e+1	5.32157e+1	4.67018e+1	4.02019e+1	3.54526e+1	3.37161e+1
4.71239e+0	5.97436e+1	5.79141e+1	5.29166e+1	4.60916e+1	3.92686e+1	3.42750e+1	3.24475e+1
4.97419e+0	5.97436e+1	5.77748e+1	5.23963e+1	4.50504e+1	3.77059e+1	3.23302e+1	3.03628e+1
5.23599e+0	5.97436e+1	5.76124e+1	5.17953e+1	4.38620e+1	3.59439e+1	3.01569e+1	2.80408e+1
5.49779e+0	5.97436e+1	5.74706e+1	5.12758e+1	4.28497e+1	3.44651e+1	2.83534e+1	2.61219e+1
5.75959e+0	5.97436e+1	5.73874e+1	5.09771e+1	4.22842e+1	3.36647e+1	2.74011e+1	2.51182e+1
6.02139e+0	5.97436e+1	5.73849e+1	5.09777e+1	4.23119e+1	3.37457e+1	2.75375e+1	2.52784e+1
6.28319e+0	5.97436e+1	5.74639e+1	5.12765e+1	4.29209e+1	3.46762e+1	2.87105e+1	2.65416e+1
