15 Serializable
 -1 1 " " "" "" "" "" "
" " "
4
0 -1e-22 1e-22 0
8
-4.02101e-24 -4.98918e-23 -4.02101e-24 -4.98918e-23 4.73471e-23 2.63096e-24 4.73471e-23 2.63096e-24
8
-4.02101e-24 -4.98918e-23 -4.02101e-24 -4.98918e-23 4.73471e-23 2.63096e-24 4.73471e-23 2.63096e-24
8
2.63096e-24 -4.73471e-23 2.63096e-24 -4.73471e-23 4.98918e-23 -4.02101e-24 4.98918e-23 -4.02101e-24
8
2.63096e-24 -4.73471e-23 2.63096e-24 -4.73471e-23 4.98918e-23 -4.02101e-24 4.98918e-23 -4.02101e-24
8
5.81294e-25 -5.19813e-23 5.81294e-25 -5.19813e-23 4.52138e-23 -1.99773e-24 4.52138e-23 -1.99773e-24
8
5.81294e-25 -5.19813e-23 5.81294e-25 -5.19813e-23 4.52138e-23 -1.99773e-24 4.52138e-23 -1.99773e-24
8
2.12958e-24 -4.64575e-23 2.12958e-24 -4.64575e-23 5.07842e-23 -3.51794e-24 5.07842e-23 -3.51794e-24
8
2.12958e-24 -4.64575e-23 2.12958e-24 -4.64575e-23 5.07842e-23 -3.51794e-24 5.07842e-23 -3.51794e-24
8
2.63096e-24 -4.73471e-23 2.63096e-24 -4.73471e-23 4.98918e-23 -4.02101e-24 4.98918e-23 -4.02101e-24
8
2.63096e-24 -4.73471e-23 2.63096e-24 -4.73471e-23 4.98918e-23 -4.02101e-24 4.98918e-23 -4.02101e-24
8
2.63096e-24 -4.73471e-23 2.63096e-24 -4.73471e-23 4.98918e-23 -4.02101e-24 4.98918e-23 -4.02101e-24
8
2.63096e-24 -4.73471e-23 2.63096e-24 -4.73471e-23 4.98918e-23 -4.02101e-24 4.98918e-23 -4.02101e-24
8
2.12958e-24 -4.64575e-23 2.12958e-24 -4.64575e-23 5.07842e-23 -3.51794e-24 5.07842e-23 -3.51794e-24
8
2.12958e-24 -4.64575e-23 2.12958e-24 -4.64575e-23 5.07842e-23 -3.51794e-24 5.07842e-23 -3.51794e-24
