1.04719755119659763e+0	1.04719755119659763e+0
1
Функция I(phi,th)
phi\th		0.00000e-0	1.57080e+0
0.00000e-0	6.28319e+1	3.14159e+1
1.04720e+0	6.28319e+1	3.14159e+1
2.09440e+0	6.28319e+1	3.14159e+1
3.14159e+0	6.28319e+1	3.14159e+1
4.18879e+0	6.28319e+1	3.14159e+1
5.23599e+0	6.28319e+1	3.14159e+1
6.28319e+0	6.28319e+1	3.14159e+1
2
Функция I(phi,th)
phi\th		0.00000e-0	1.57080e+0
0.00000e-0	5.97409e+1	3.13671e+1
1.04720e+0	5.97409e+1	2.50539e+1
2.09440e+0	5.97409e+1	3.19853e+1
3.14159e+0	5.97409e+1	3.13671e+1
4.18879e+0	5.97409e+1	2.50539e+1
5.23599e+0	5.97409e+1	3.19853e+1
6.28319e+0	5.97409e+1	3.13671e+1
2
Функция I(phi,th)
phi\th		0.00000e-0	1.57080e+0
0.00000e-0	5.97409e+1	3.13671e+1
1.04720e+0	5.97409e+1	2.50539e+1
2.09440e+0	5.97409e+1	3.19853e+1
3.14159e+0	5.97409e+1	3.13671e+1
4.18879e+0	5.97409e+1	2.50539e+1
5.23599e+0	5.97409e+1	3.19853e+1
6.28319e+0	5.97409e+1	3.13671e+1
2
Функция I(phi,th)
phi\th		0.00000e-0	1.57080e+0
0.00000e-0	5.97409e+1	2.75929e+1
1.04720e+0	5.97409e+1	3.39210e+1
2.09440e+0	5.97409e+1	2.68922e+1
3.14159e+0	5.97409e+1	2.75929e+1
4.18879e+0	5.97409e+1	3.39210e+1
5.23599e+0	5.97409e+1	2.68922e+1
6.28319e+0	5.97409e+1	2.75929e+1
2
Функция I(phi,th)
phi\th		0.00000e-0	1.57080e+0
0.00000e-0	5.97409e+1	2.75929e+1
1.04720e+0	5.97409e+1	3.39210e+1
2.09440e+0	5.97409e+1	2.68922e+1
3.14159e+0	5.97409e+1	2.75929e+1
4.18879e+0	5.97409e+1	3.39210e+1
5.23599e+0	5.97409e+1	2.68922e+1
6.28319e+0	5.97409e+1	2.75929e+1
2
Функция I(phi,th)
phi\th		0.00000e-0	1.57080e+0
0.00000e-0	5.96987e+1	3.35405e+1
1.04720e+0	5.96987e+1	2.90298e+1
2.09440e+0	5.96987e+1	2.57875e+1
3.14159e+0	5.96987e+1	3.35405e+1
4.18879e+0	5.96987e+1	2.90298e+1
5.23599e+0	5.96987e+1	2.57875e+1
6.28319e+0	5.96987e+1	3.35405e+1
2
Функция I(phi,th)
phi\th		0.00000e-0	1.57080e+0
0.00000e-0	5.96987e+1	3.35405e+1
1.04720e+0	5.96987e+1	2.90298e+1
2.09440e+0	5.96987e+1	2.57875e+1
3.14159e+0	5.96987e+1	3.35405e+1
4.18879e+0	5.96987e+1	2.90298e+1
5.23599e+0	5.96987e+1	2.57875e+1
6.28319e+0	5.96987e+1	3.35405e+1
2
Функция I(phi,th)
phi\th		0.00000e-0	1.57080e+0
0.00000e-0	5.97436e+1	2.65416e+1
1.04720e+0	5.97436e+1	3.38268e+1
2.09440e+0	5.97436e+1	2.80408e+1
3.14159e+0	5.97436e+1	2.65416e+1
4.18879e+0	5.97436e+1	3.38268e+1
5.23599e+0	5.97436e+1	2.80408e+1
6.28319e+0	5.97436e+1	2.65416e+1
2
Функция I(phi,th)
phi\th		0.00000e-0	1.57080e+0
0.00000e-0	5.97436e+1	2.65416e+1
1.04720e+0	5.97436e+1	3.38268e+1
2.09440e+0	5.97436e+1	2.80408e+1
3.14159e+0	5.97436e+1	2.65416e+1
4.18879e+0	5.97436e+1	3.38268e+1
5.23599e+0	5.97436e+1	2.80408e+1
6.28319e+0	5.97436e+1	2.65416e+1
2
Функция I(phi,th)
phi\th		0.00000e-0	1.57080e+0
0.00000e-0	5.97409e+1	2.75929e+1
1.04720e+0	5.97409e+1	3.39210e+1
2.09440e+0	5.97409e+1	2.68922e+1
3.14159e+0	5.97409e+1	2.75929e+1
4.18879e+0	5.97409e+1	3.39210e+1
5.23599e+0	5.97409e+1	2.68922e+1
6.28319e+0	5.97409e+1	2.75929e+1
2
Функция I(phi,th)
phi\th		0.00000e-0	1.57080e+0
0.00000e-0	5.97409e+1	2.75929e+1
1.04720e+0	5.97409e+1	3.39210e+1
2.09440e+0	5.97409e+1	2.68922e+1
3.14159e+0	5.97409e+1	2.75929e+1
4.18879e+0	5.97409e+1	3.39210e+1
5.23599e+0	5.97409e+1	2.68922e+1
6.28319e+0	5.97409e+1	2.75929e+1
2
Функция I(phi,th)
phi\th		0.00000e-0	1.57080e+0
0.00000e-0	5.97409e+1	2.75929e+1
1.04720e+0	5.97409e+1	3.39210e+1
2.09440e+0	5.97409e+1	2.68922e+1
3.14159e+0	5.97409e+1	2.75929e+1
4.18879e+0	5.97409e+1	3.39210e+1
5.23599e+0	5.97409e+1	2.68922e+1
6.28319e+0	5.97409e+1	2.75929e+1
2
Функция I(phi,th)
phi\th		0.00000e-0	1.57080e+0
0.00000e-0	5.97409e+1	2.75929e+1
1.04720e+0	5.97409e+1	3.39210e+1
2.09440e+0	5.97409e+1	2.68922e+1
3.14159e+0	5.97409e+1	2.75929e+1
4.18879e+0	5.97409e+1	3.39210e+1
5.23599e+0	5.97409e+1	2.68922e+1
6.28319e+0	5.97409e+1	2.75929e+1
2
Функция I(phi,th)
phi\th		0.00000e-0	1.57080e+0
0.00000e-0	5.97436e+1	2.65416e+1
1.04720e+0	5.97436e+1	3.38268e+1
2.09440e+0	5.97436e+1	2.80408e+1
3.14159e+0	5.97436e+1	2.65416e+1
4.18879e+0	5.97436e+1	3.38268e+1
5.23599e+0	5.97436e+1	2.80408e+1
6.28319e+0	5.97436e+1	2.65416e+1
2
Функция I(phi,th)
phi\th		0.00000e-0	1.57080e+0
0.00000e-0	5.97436e+1	2.65416e+1
1.04720e+0	5.97436e+1	3.38268e+1
2.09440e+0	5.97436e+1	2.80408e+1
3.14159e+0	5.97436e+1	2.65416e+1
4.18879e+0	5.97436e+1	3.38268e+1
5.23599e+0	5.97436e+1	2.80408e+1
6.28319e+0	5.97436e+1	2.65416e+1
